[header]
width=20
height=20
tilewidth=32
tileheight=32
orientation=orthogonal

[tilesets]
tileset=RPGmakerXPMegaTilesetByLmnopguy7.png,32,32,0,0

[layer]
type=Tile Layer 1
data=
1,1,1,1,1,1,1,1,1,1,1,1,1,1,1,1,1,1,1,1,
1,1,1,1,1,1,1,1,1,1,1,1,1,1,1,1,1,1,1,1,
1,1,1,1,1,1,1,1,1,1,1,1,1,1,1,1,1,1,1,1,
1,1,1,1,1,1,1,1,1,1,1,1,1,1,1,1,1,1,1,1,
1,1,1,1,1,1,1,1,1,1,1,1,1,1,1,1,1,1,1,1,
1,1,1,1,1,1,1,1,1,1,1,1,1,1,1,1,1,1,1,1,
1,1,1,1,1,1,1,1,1,1,1,1,1,1,1,1,1,1,1,1,
1,1,1,1,1,1,1,1,1,1,1,1,1,1,1,1,1,1,1,1,
1,1,1,1,1,1,1,1,1,1,1,1,1,1,1,1,1,1,1,1,
1,1,1,1,1,1,1,1,1,1,1,1,1,1,1,1,1,1,1,1,
1,1,1,1,1,1,1,1,1,1,1,1,1,1,1,1,1,1,1,1,
1,1,1,1,1,1,1,1,1,1,1,1,1,1,1,1,1,1,1,1,
1,1,1,1,1,1,1,1,1,1,1,1,1,1,1,1,1,1,1,1,
1,1,1,1,1,1,1,1,1,1,1,1,1,1,1,1,1,1,1,1,
1,1,1,1,1,1,1,1,1,1,1,1,1,1,1,1,1,1,1,1,
1,1,1,1,1,1,1,1,1,1,1,1,1,1,1,1,1,1,1,1,
1,1,1,1,1,1,1,1,1,1,1,1,1,1,1,1,1,1,1,1,
1,1,1,1,1,1,1,1,1,1,1,1,1,1,1,1,1,1,1,1,
1,1,1,1,1,1,1,1,1,1,1,1,1,1,1,1,1,1,1,1,
1,1,1,1,1,1,1,1,1,1,1,1,1,1,1,1,1,1,1,1

[layer]
type=Tile Layer 2
data=
0,0,0,0,0,0,0,0,0,0,0,0,0,0,0,0,0,0,0,0,
0,0,0,0,0,0,0,0,0,0,0,0,0,0,0,0,0,0,0,0,
0,0,0,0,0,0,0,0,0,0,0,0,0,0,0,0,0,0,0,0,
0,0,0,0,0,0,0,0,0,0,0,0,0,0,0,0,0,0,0,0,
0,0,0,0,0,0,0,0,0,2,0,0,0,0,0,0,0,0,0,0,
0,0,0,0,0,0,0,0,0,2,0,0,0,0,0,0,0,0,0,0,
0,0,0,0,24,0,0,0,0,0,0,0,0,0,0,0,0,0,0,0,
0,0,0,0,0,0,0,0,0,0,0,0,0,0,0,0,0,0,0,0,
0,0,0,0,0,0,2,0,0,0,0,0,0,0,0,0,0,24,0,0,
0,0,0,0,0,0,2,2,0,0,0,0,0,0,0,0,0,0,0,146,
0,0,0,0,0,0,0,2,2,0,0,0,0,0,0,0,0,0,0,0,
0,0,0,0,0,0,0,0,0,0,0,0,0,0,0,0,2,0,0,0,
0,24,0,0,0,0,0,0,0,0,0,0,0,0,0,0,2,2,2,0,
0,0,0,0,0,0,0,0,0,0,0,0,0,0,0,0,0,0,0,0,
0,0,0,0,0,0,0,0,0,0,0,0,0,0,0,0,0,0,146,146,
0,0,0,0,2,0,0,0,0,0,0,0,0,0,0,0,0,0,0,0,
0,0,0,0,2,0,0,0,0,0,0,0,0,0,146,0,0,0,24,0,
0,0,0,0,0,0,0,0,0,0,0,0,0,0,0,0,0,0,0,0,
0,0,0,0,146,0,0,146,0,0,0,2,2,2,0,0,0,0,0,0,
0,0,0,0,0,0,0,0,0,0,0,0,0,2,2,2,2,2,0,0

[layer]
type=Tile Layer 3
data=
0,0,0,0,0,0,41,42,43,44,0,0,0,0,0,0,0,0,0,0,
0,0,0,0,0,0,49,50,51,52,0,0,0,0,0,0,0,0,0,0,
0,0,0,0,0,0,57,58,59,60,0,0,0,0,0,0,0,0,0,0,
0,0,0,0,0,0,65,66,67,68,0,0,0,0,0,0,0,0,0,0,
0,0,0,0,0,0,73,74,75,76,0,0,0,0,0,0,0,0,0,0,
0,0,0,0,0,0,0,0,0,0,0,0,0,0,0,0,0,0,0,0,
0,0,0,0,0,0,0,0,0,0,0,0,0,0,0,0,0,0,0,0,
0,0,0,0,0,0,0,0,0,0,0,0,0,0,0,0,0,0,0,0,
0,0,0,0,0,0,0,0,0,0,0,0,0,0,0,0,0,0,0,0,
0,0,0,0,0,0,0,0,0,0,0,0,0,0,0,0,0,0,0,0,
0,0,0,0,0,0,0,0,0,0,0,0,0,0,0,0,0,0,0,0,
0,0,0,0,0,0,0,0,0,0,0,0,0,0,0,42,43,0,0,0,
0,0,0,0,0,0,0,0,0,0,0,0,0,0,49,50,51,52,0,0,
0,0,0,0,0,0,42,43,0,0,0,0,0,0,57,58,59,60,0,0,
0,0,0,0,0,49,50,51,52,0,0,0,0,0,65,66,67,68,0,0,
0,0,0,0,0,57,58,59,60,0,0,0,0,0,0,74,75,0,0,0,
0,0,0,0,0,65,66,67,68,0,0,0,0,0,0,0,0,0,0,0,
0,0,0,0,0,0,74,75,0,0,0,0,0,0,0,0,0,0,0,0,
0,0,0,0,0,0,0,0,0,0,0,0,0,0,0,0,0,0,0,0,
0,0,0,0,0,0,0,0,0,0,0,0,0,0,0,0,0,0,0,0

[Object Layer 1]
type=colider
location=5,14,1,3

[Object Layer 1]
type=colider
location=6,13,2,5

[Object Layer 1]
type=colider
location=8,14,1,3

[Object Layer 1]
type=colider
location=14,12,1,3

[Object Layer 1]
type=colider
location=15,11,2,5

[Object Layer 1]
type=colider
location=17,12,1,3

[Object Layer 1]
type=colider
location=6,1,1,3

[Object Layer 1]
type=colider
location=7,0,2,5

[Object Layer 1]
type=colider
location=9,1,1,3

